K, 33.147300, 3.860142, 3.822692, 3.607648
P, 3.945896, 0.003906, 0.002649, 0.003537
__k_unit_disk, 0.095043, 0.226239, 0.230672, 0.235808
bkg, -1.928641, 2.801464, 2.706319, 2.549144
bkg_pred, -1.928641, 2.801464, 2.706319, 2.549144
e, 0.123070, 0.093559, 0.095472, 0.082747
h, 0.215161, 0.211997, 0.174943, 0.264913
k, 0.089471, 0.219416, 0.223733, 0.225274
logs, 2.263414, 0.246986, 0.236948, 0.233853
m_pl, 176.285274, 25.461497, 25.959985, 23.599234
mstar, 3.209612, 0.390828, 0.414263, 0.350665
offset, -1.928641, 2.801464, 2.706319, 2.549144
rstar, 5.285269, 0.127442, 0.127638, 0.131938
t0, 8930.566438, 0.168594, 0.207500, 0.138954
w, 0.345128, 1.197388, 1.095463, 1.024158
K_precision (%), 11.6454
P_precision (%), 0.0990
t0_precision (%), 0.0019
m_pl_precision (%), 14.4433
RMS, 9.2644
logL, -3.5560
