K, 33.730350, 3.747242, 3.660730, 3.803226
P, 3.945469, 0.003848, 0.002596, 0.003478
__k_unit_disk, 0.097865, 0.230010, 0.241875, 0.244241
bkg, -1.886748, 2.656984, 2.571526, 2.578510
bkg_pred, -1.886748, 2.656984, 2.571526, 2.578510
e, 0.127494, 0.091726, 0.098486, 0.084281
h, 0.219278, 0.214130, 0.178429, 0.278508
k, 0.093514, 0.223271, 0.235613, 0.229385
logs, 2.241542, 0.250360, 0.257633, 0.242212
m_pl, 179.562501, 24.779728, 24.300721, 24.170068
mstar, 3.238070, 0.396403, 0.416002, 0.362194
offset, -1.886748, 2.656984, 2.571526, 2.578510
rstar, 5.274595, 0.134590, 0.139895, 0.131100
t0, 8930.594589, 0.183461, 0.217930, 0.153908
w, 0.387237, 1.209911, 1.078021, 1.116438
K_precision (%), 11.1094
P_precision (%), 0.0975
t0_precision (%), 0.0021
m_pl_precision (%), 13.8001
RMS, 9.0303
logL, -3.5739
