K, 29.671549, 2.262815, 2.289789, 2.309042
P, 3.672161, 0.000572, 0.000538, 0.000579
__k_unit_disk, 0.000712, 0.164394, 0.178406, 0.179038
bkg, 4.021730, 1.501676, 1.504002, 1.463056
bkg_pred, 4.021730, 1.501676, 1.504002, 1.463056
e, 0.051097, 0.047570, 0.055070, 0.035919
h, 0.017252, 0.186291, 0.193992, 0.204818
k, 0.000682, 0.161746, 0.175138, 0.175458
logs, 2.480721, 0.098955, 0.100950, 0.094940
m_pl, 161.839624, 13.445502, 13.446438, 13.643524
mstar, 3.416171, 0.190245, 0.190011, 0.184289
offset, 4.021730, 1.501676, 1.504002, 1.463056
rstar, 4.262462, 0.083889, 0.083982, 0.077539
t0, 9420.523287, 0.088110, 0.081150, 0.080665
w, 0.006076, 1.799070, 2.162259, 2.143108
K_precision (%), 7.6262
P_precision (%), 0.0156
t0_precision (%), 0.0009
m_pl_precision (%), 8.3079
RMS, 12.2725
logL, -3.7339
