K, 68.438146, 3.734286, 4.020421, 3.662890
P, 2100.286358, 25.191510, 25.550825, 23.953249
__k_unit_disk, 0.308301, 0.073768, 0.067644, 0.076798
bkg, 8.042752, 1.739006, 1.696553, 1.695054
bkg_pred, 8.042752, 1.739006, 1.696553, 1.695054
e, 0.454348, 0.031487, 0.032212, 0.031460
h, -0.629381, 0.030481, 0.030461, 0.027396
k, 0.239148, 0.061061, 0.057984, 0.062405
logs, 2.074844, 0.130039, 0.131857, 0.123975
m_pl, 1224.061000, 59.083885, 58.923336, 60.330758
offset, 8.042752, 1.739006, 1.696553, 1.695054
t_peri, 10122.392852, 26.501386, 27.624865, 25.508979
w, 2.780139, 0.162421, 0.096182, 0.093126
K_precision (%), 5.4564
P_precision (%), 1.1994
t_peri_precision (%), 0.2618
m_pl_precision (%), 4.8269
RMS, 9.8485
logL, -3.3604
