K, 27.414939, 1.513823, 1.529238, 1.503311
P, 4.633164, 0.000702, 0.000715, 0.000680
__k_unit_disk, 0.140316, 0.145795, 0.137394, 0.172104
e, 0.073473, 0.055711, 0.065268, 0.049971
h, -0.151718, 0.165296, 0.196044, 0.155467
k, 0.136353, 0.143221, 0.136049, 0.167448
logs, 2.043421, 0.118311, 0.116805, 0.115757
m_pl, 144.328084, 9.596762, 9.236405, 9.595033
mstar, 2.886001, 0.160554, 0.162356, 0.149468
offset, 0.000291, 1.230604, 1.229618, 1.196616
rstar, 2.888341, 0.053585, 0.053240, 0.054563
t0, 8712.106706, 0.120121, 0.117354, 0.115710
w, 1.974793, 1.880541, 0.768084, 3.353037
K_precision (%), 5.5219
P_precision (%), 0.0152
t0_precision (%), 0.0014
m_pl_precision (%), 6.6493
RMS, 8.2812
logL, -3.2991
