K, 85.554642, 9.501570, 12.365084, 9.113394
P, 3662.209411, 10.125367, 9.609464, 10.222398
__k_unit_disk, 0.633916, 0.050497, 0.047608, 0.057615
e, 0.410966, 0.065945, 0.067831, 0.073531
h, -0.111041, 0.062003, 0.061225, 0.061509
k, 0.628940, 0.048055, 0.043345, 0.055154
logs, 1.754287, 0.110220, 0.111890, 0.109619
m_pl, 1879.720524, 150.301955, 181.488856, 146.545315
offset, 5.917997, 6.550769, 6.789469, 7.406424
t_peri, 11010.359273, 103.252100, 110.725544, 112.838404
w, 1.748828, 0.092616, 0.081003, 0.095480
K_precision (%), 11.1059
P_precision (%), 0.2765
t_peri_precision (%), 0.9378
m_pl_precision (%), 7.9960
RMS, 6.4383
logL, -3.0744
