K, 67.230159, 4.133379, 4.360960, 3.730376
P, 2091.587557, 23.515054, 24.733737, 22.025596
__k_unit_disk, 0.315779, 0.078230, 0.076297, 0.081362
bkg, 7.968120, 1.730844, 1.685558, 1.758945
bkg_pred, 7.968120, 1.730844, 1.685558, 1.758945
e, 0.459949, 0.032445, 0.032760, 0.032292
h, -0.630624, 0.029442, 0.029930, 0.026844
k, 0.245040, 0.064392, 0.063032, 0.065897
logs, 2.047010, 0.131580, 0.135097, 0.127743
m_pl, 1195.977329, 62.425932, 65.893150, 59.238309
offset, 7.968120, 1.730844, 1.685558, 1.758945
t_peri, 10117.066249, 27.173432, 28.100709, 26.542272
w, 2.769805, 0.164180, 0.101082, 0.091967
K_precision (%), 6.1481
P_precision (%), 1.1243
t_peri_precision (%), 0.2686
m_pl_precision (%), 5.2197
RMS, 9.4166
logL, -3.3825
