K, 4.705990, 0.720876, 0.737886, 0.689933
K2, 10.660147, 1.218877, 1.235921, 1.099934
P, 9.233099, 0.004414, 0.004493, 0.004971
P2, 95.461703, 0.249276, 0.265210, 0.217929
__k2_unit_disk, 0.269972, 0.147177, 0.141250, 0.158268
__k_unit_disk, 0.184808, 0.253395, 0.232056, 0.298554
e, 0.143604, 0.124538, 0.145323, 0.102012
e2, 0.422856, 0.065685, 0.061668, 0.068336
h, -0.106805, 0.272723, 0.292101, 0.278690
h2, -0.601342, 0.080055, 0.084501, 0.066979
k, 0.175262, 0.243938, 0.222587, 0.285798
k2, 0.212311, 0.128017, 0.133308, 0.127603
logs, 1.587155, 0.079249, 0.080686, 0.078155
m_pl, 24.854532, 3.805227, 3.858762, 3.696030
m_pl2, 124.810853, 14.583316, 15.310958, 12.724371
mstar, 2.104498, 0.072306, 0.073715, 0.071671
rstar, 2.032396, 0.050139, 0.050322, 0.050765
t0, 10496.569074, 0.548037, 0.521936, 0.557517
t02, 10484.596024, 2.127998, 2.378479, 2.105945
trend, -0.008966, 0.001640, 0.001607, 0.001669
trend, -2.561115, 0.594219, 0.603120, 0.586548
w, 1.480962, 1.769894, 1.114299, 2.756173
w2, 2.779913, 1.229620, 0.196650, 0.259761
K_precision (%), 15.3183
P_precision (%), 0.0478
t0_precision (%), 0.0052
m_pl_precision (%), 15.3100
K2_precision (%), 11.4340
P2_precision (%), 0.2611
t02_precision (%), 0.0203
m_pl2_precision (%), 11.6843
RMS, 5.1450
logL, -2.8260
