K, 68.775618, 4.154241, 4.879596, 3.680682
P, 2115.036706, 23.121204, 24.513366, 21.634799
__k_unit_disk, 0.336387, 0.071906, 0.064834, 0.076427
bkg, 7.454773, 1.671580, 1.545220, 1.748428
bkg_pred, 7.454773, 1.671580, 1.545220, 1.748428
e, 0.465262, 0.032483, 0.032085, 0.033458
h, -0.628685, 0.028088, 0.028191, 0.026124
k, 0.261418, 0.059161, 0.055025, 0.062070
logs, 2.061925, 0.131990, 0.130180, 0.137096
m_pl, 1225.614105, 60.552627, 66.604635, 57.197716
offset, 7.454773, 1.671580, 1.545220, 1.748428
t_peri, 10114.864616, 25.124768, 25.023664, 25.082554
w, 2.747811, 0.089850, 0.094510, 0.084837
K_precision (%), 6.0403
P_precision (%), 1.0932
t_peri_precision (%), 0.2484
m_pl_precision (%), 4.9406
RMS, 9.5226
logL, -3.4071
