K, 4.509113, 0.826508, 0.855121, 0.818862
K2, 10.329806, 1.540935, 1.686670, 1.348348
P, 9.233652, 0.004670, 0.004119, 0.005684
P2, 95.534659, 0.279171, 0.293387, 0.261161
__k2_unit_disk, 0.220813, 0.189625, 0.191935, 0.203290
__k_unit_disk, 0.192878, 0.259457, 0.251829, 0.300429
e, 0.160956, 0.135203, 0.164827, 0.109580
e2, 0.412145, 0.075449, 0.070605, 0.078935
h, -0.079649, 0.303517, 0.323924, 0.324584
h2, -0.599551, 0.096940, 0.096997, 0.071754
k, 0.180526, 0.247960, 0.245353, 0.282823
k2, 0.176124, 0.164380, 0.175114, 0.162654
logs, 1.741354, 0.072729, 0.074774, 0.071590
m_pl, 23.718969, 4.340665, 4.338354, 4.368498
m_pl2, 121.470204, 18.248727, 19.929663, 16.317886
mstar, 2.103518, 0.079652, 0.077695, 0.076489
rstar, 2.030190, 0.047657, 0.051631, 0.044319
t0, 10496.426473, 0.601864, 0.571798, 0.652753
t02, 10485.722072, 2.529545, 2.863971, 2.813114
trend, -0.009004, 0.001831, 0.001848, 0.001764
trend, -2.643585, 0.703017, 0.705070, 0.686112
w, 1.255049, 1.804558, 1.295858, 2.767718
w2, 2.769459, 1.986549, 0.238929, 0.558030
K_precision (%), 18.3297
P_precision (%), 0.0506
t0_precision (%), 0.0057
m_pl_precision (%), 18.3004
K2_precision (%), 14.9174
P2_precision (%), 0.2922
t02_precision (%), 0.0241
m_pl2_precision (%), 15.0232
RMS, 5.8841
logL, -2.9747
