K, 76.552399, 10.202286, 13.303850, 7.208651
P, 3661.801281, 10.810240, 11.363971, 10.478235
__k_unit_disk, 0.587962, 0.063299, 0.072655, 0.062015
e, 0.350319, 0.078201, 0.094884, 0.069727
h, -0.069805, 0.071845, 0.072362, 0.074478
k, 0.585616, 0.061024, 0.067999, 0.061336
logs, 1.767800, 0.111351, 0.113007, 0.112771
m_pl, 1728.059910, 164.770102, 209.898823, 124.935591
offset, 7.182031, 6.671876, 6.398839, 7.439209
t_peri, 10983.516507, 113.448094, 132.955313, 120.584145
w, 1.693734, 0.115010, 0.108384, 0.127780
K_precision (%), 13.3272
P_precision (%), 0.2952
t_peri_precision (%), 1.0329
m_pl_precision (%), 9.5350
RMS, 6.4815
logL, -3.0978
