K, 7.253266, 1.441439, 1.446532, 1.366732
P, 24.271217, 0.058495, 0.075399, 0.062939
__k_unit_disk, -0.340662, 0.293923, 0.376508, 0.210535
bkg, -0.538548, 0.974819, 0.994422, 0.959109
bkg_pred, -0.538548, 0.974819, 0.994422, 0.959109
e, 0.234551, 0.139102, 0.141320, 0.139842
h, -0.129752, 0.287358, 0.357654, 0.252070
k, -0.323231, 0.283627, 0.356535, 0.215056
logs, 1.664161, 0.146247, 0.149625, 0.135048
m_pl, 60.684537, 11.925351, 12.123704, 11.410522
mstar, 2.670213, 0.158470, 0.159122, 0.143497
offset, -0.538548, 0.974819, 0.994422, 0.959109
rstar, 2.630955, 0.044677, 0.046236, 0.042444
t0, 9034.357676, 1.655481, 1.314134, 1.998214
w, -1.656212, 1.609885, 1.994452, 0.778940
K_precision (%), 19.8730
P_precision (%), 0.2410
t0_precision (%), 0.0183
m_pl_precision (%), 19.6514
RMS, 5.6765
logL, -3.0485
