K, 33.293992, 3.913321, 3.771958, 3.842570
P, 3.946168, 0.003867, 0.002746, 0.003490
__k_unit_disk, 0.081472, 0.229673, 0.231577, 0.254724
bkg, -1.757860, 2.576855, 2.498044, 2.411235
bkg_pred, -1.757860, 2.576855, 2.498044, 2.411235
e, 0.120376, 0.086713, 0.093429, 0.077967
h, 0.217076, 0.215664, 0.163662, 0.277980
k, 0.077187, 0.222297, 0.224383, 0.244329
logs, 2.276455, 0.252863, 0.234074, 0.265924
m_pl, 177.375128, 24.532940, 25.344507, 23.452420
mstar, 3.240271, 0.379310, 0.392273, 0.366185
offset, -1.757860, 2.576855, 2.498044, 2.411235
rstar, 5.281216, 0.128561, 0.132592, 0.128163
t0, 8930.583742, 0.171468, 0.206570, 0.146881
w, 0.301792, 1.242666, 1.148543, 1.137250
K_precision (%), 11.7538
P_precision (%), 0.0980
t0_precision (%), 0.0019
m_pl_precision (%), 13.8311
RMS, 9.3373
logL, -3.5796
