K, 4.367655, 0.721671, 0.703641, 0.737164
K2, 10.534927, 1.321398, 1.310521, 1.221861
P, 9.233280, 0.004195, 0.003900, 0.004600
P2, 95.563954, 0.251528, 0.257233, 0.252581
__k2_unit_disk, 0.167532, 0.173329, 0.176652, 0.183219
__k_unit_disk, 0.223589, 0.243977, 0.216323, 0.303564
e, 0.154472, 0.126871, 0.149578, 0.106450
e2, 0.394269, 0.066240, 0.063196, 0.065599
h, -0.072753, 0.294025, 0.329774, 0.308241
h2, -0.597760, 0.075288, 0.076743, 0.061629
k, 0.205862, 0.234128, 0.215867, 0.281285
k2, 0.132491, 0.146584, 0.150281, 0.144413
logs, 1.591153, 0.078604, 0.079479, 0.077858
m_pl, 22.875152, 3.819334, 3.853647, 3.798669
m_pl2, 123.545393, 15.741859, 16.165355, 14.488731
mstar, 2.104478, 0.075392, 0.076046, 0.073454
rstar, 2.032493, 0.047623, 0.047254, 0.046856
t0, 10496.438626, 0.573964, 0.554685, 0.594617
t02, 10485.709093, 2.486607, 2.828459, 2.754990
trend, -0.007218, 0.001555, 0.001562, 0.001568
trend, -2.254961, 0.578437, 0.545311, 0.602368
w, 1.414167, 1.681997, 1.088569, 2.311662
w2, 2.811046, 2.261286, 0.210447, 5.690183
K_precision (%), 16.5231
P_precision (%), 0.0454
t0_precision (%), 0.0055
m_pl_precision (%), 16.6964
K2_precision (%), 12.5430
P2_precision (%), 0.2632
t02_precision (%), 0.0237
m_pl2_precision (%), 12.7418
RMS, 5.1805
logL, -2.8190
